0.253935835,0.187437878
0.272062493,0.619951777
0.593051294,0.707322557
0.0048696441,0.352013851
0.920672059,0.706496658
0.225749716,0.158668655
0.697464054,0.219007045
0.650013544,0.709933237
0.438905487,0.264403997
0.0452621174,0.930355007
0.364928344,0.45400171
0.626689491,0.624759227
0.283857023,0.709266098
0.00649835373,0.2529627
0.595724186,0.57626313
0.602805854,0.536345065
0.835302543,0.800288849
0.683513549,0.218135063
0.950477231,0.882473985
0.66572813,0.634445584
0.997441177,0.000103809272
0.639775338,0.218382178
0.50282838,0.985374678
0.15769039,0.54712385
0.0429718695,0.122226092
0.339195783,0.286105647
0.696468795,0.185905076
0.943372498,0.277669261
0.885651971,0.793736893
0.492011323,0.390931653
0.00891136948,0.525123286
0.562382291,0.764401715
0.492558349,0.0178680878
0.356065045,0.171354022
0.363319074,0.977316119
0.657551583,0.073228698
0.407233885,0.539905816
0.581292485,0.598816895
0.736049147,0.949207999
0.450149394,0.11277094
0.480665753,0.442596083
0.394853683,0.519308612
0.381522362,0.474068833
0.53878946,0.677156791
0.279700165,0.850009656
0.248374174,0.0673411836
0.391951056,0.986899807
0.181730623,0.141758051
0.189528338,0.431141867
0.372991473,0.876342971
0.075926883,0.329891859
0.646302409,0.241491958
0.586250015,0.426790213
0.610774089,0.498904962
0.67690696,0.997252593
0.664105012,0.69739325
0.992040648,0.131693972
0.998927072,0.347112777
0.714012639,0.70772305
0.826451269,0.620763215
0.23346642,0.0200037605
0.722329947,0.930747019
0.821411768,0.516115821
0.458172559,0.349010982
0.736144427,0.474256641
0.602949507,0.850066646
0.303028918,0.745258419
0.956089672,0.864442797
0.398831913,0.857423307
0.666690248,0.0454007486
0.690067904,0.928729295
0.767243921,0.103388575
0.447177655,0.306467602
0.488814143,0.220020165
0.0628741924,0.819699707
0.829315172,0.85391722
0.0693092264,0.851967436
0.954500403,0.471400599
0.793007284,0.806704075
0.39823936,0.997793316
0.0410072958,0.345926468
0.843330922,0.670827177
0.593131904,0.25594684
0.468438613,0.331508144
0.32143556,0.686280711
0.583844943,0.549614581
0.451180691,0.622229901
0.776682315,0.954364314
0.782556857,0.0312107707
0.801847651,0.246778458
0.176705428,0.657322258
0.185980206,0.908965199
0.181891141,0.159365577
0.272565231,0.359456212
0.0208552634,0.924941975
0.148516332,0.462516978
0.801622249,0.144498909
0.00646927095,0.515925611
0.561532558,0.882949314
0.438473067,0.236893719
